```
好的，既然你只需要简单地将 `obs_batch` 存为 `.npy` 文件以便调试，我们不需要维护那个巨大的全局列表。

直接在推理循环（Inference Loop）内部，在构建完 `obs_batch` 后，立即将其保存到硬盘即可。

由于 `obs_batch` 是一个包含 Tensor 的字典，保存为 `.npy` 的最快方法是先转为 NumPy 字典，然后直接 `np.save`。

### 修改代码：在构建 Batch 后立即保存

请在 `if len(action_queue) == 0:` 这个判断块内部，在 `policy.predict_action` 之前插入以下代码：

```python
                # ... (前面是构建 obs_batch 的代码) ...
                
                # 构建 batch（使用相对化的观测）
                obs_batch = {
                    "sparse": {
                        "rgb_0": torch.from_numpy(np.stack(list(buffer_rgb_0))).unsqueeze(0).float().to(device),
                        "rgb_1": torch.from_numpy(np.stack(list(buffer_rgb_1))).unsqueeze(0).float().to(device),
                        "robot0_eef_pos": torch.from_numpy(np.stack(buffer_pos_relative)).unsqueeze(0).float().to(device),
                        "robot0_eef_rot_axis_angle": torch.from_numpy(np.stack(buffer_rot_relative)).unsqueeze(0).float().to(device),
                        "robot0_eef_wrench": torch.from_numpy(np.stack(list(buffer_wrench))).unsqueeze(0).float().to(device)
                    }
                }

                # =======================================================
                # 🔥 [新增] 保存 Batch 到 .npy 文件
                # =======================================================
                # 1. 确保保存目录存在 (建议放在循环外面创建，这里为了方便直接写)
                save_dir = "debug_batches"
                os.makedirs(save_dir, exist_ok=True)

                # 2. 将 Tensor 字典转换为 Numpy 字典 (移出 GPU)
                numpy_batch = {}
                for key, val in obs_batch['sparse'].items():
                    numpy_batch[key] = val.detach().cpu().numpy()

                # 3. 保存文件 (文件名带上 Step t，防止覆盖)
                # 这样你会得到 batch_0.npy, batch_8.npy, batch_16.npy ...
                save_path = os.path.join(save_dir, f"batch_{t}.npy")
                np.save(save_path, numpy_batch)
                
                print(f"💾 Batch saved to {save_path}")
                # =======================================================

                # result = policy.predict_action(obs_batch)
                # ... (后面的预测代码不变) ...

```

### 如何读取这个 .npy 文件？

当你需要检查数据时，使用以下 Python 脚本读取：

```python
import numpy as np

# 加载 .npy 文件 (注意：因为保存的是字典，需要 allow_pickle=True)
data = np.load("debug_batches/batch_0.npy", allow_pickle=True)

# data.item() 会把 numpy 对象转回 python 字典
batch_dict = data.item()

print("Keys:", batch_dict.keys())
print("RGB Shape:", batch_dict['rgb_0'].shape)
print("Pose Shape:", batch_dict['robot0_eef_pos'].shape)

# 你现在可以直接把 batch_dict['rgb_0'] 拿去 plt.imshow 看了

```

**优点：**

1. **简单粗暴**：不需要修改全局逻辑，即插即用。
2. **不占内存**：数据直接写入硬盘，不会像 list 那样把内存撑爆。
3. **独立性**：你可以只分析某一步（比如 `batch_50.npy`）的数据，而不需要加载整个巨大的日志文件。

```

 Force Frame: [[ 0.60171574  0.79507668  0.07610031  0.        ]
 [ 0.78879327 -0.60650892  0.09976041  0.        ]
 [ 0.12547269  0.         -0.9920971   0.        ]
 [ 0.          0.          0.          1.        ]]
 Stiffness: [9719.498, 10000, 10000, 500, 500, 500]
Step 87 ---------------------
Step 87:
Executing Action: [ 0.46914014 -0.33090222 -0.3203583   0.04416665 -0.994637   -0.0935227
 -0.9989459  -0.04514107  0.00832839] 
 Force Frame: [[ 0.63863838  0.76727164  0.058611    0.        ]
 [ 0.76406068 -0.64132225  0.07012163  0.        ]
 [ 0.09139088  0.         -0.99581509  0.        ]
 [ 0.          0.          0.          1.        ]]
 Stiffness: [9725.534, 10000, 10000, 500, 500, 500]
Step 88 ---------------------
💾 Batch saved to debug_batches/batch_88.npy
Step 88:
Executing Action: [ 0.46944848 -0.3309603  -0.32027245  0.04329433 -0.9944992  -0.09537733
 -0.9989697  -0.04439293  0.00942594] 
 Force Frame: [[ 0.76317573 -0.17319372  0.62254861  0.        ]
 [-0.13420539 -0.98488778 -0.10947594  0.        ]
 [ 0.63210106  0.         -0.77488598  0.        ]
 [ 0.          0.          0.          1.        ]]
 Stiffness: [9543.553, 10000, 10000, 500, 500, 500]
Step 89 ---------------------
Step 89:
Executing Action: [ 0.46949562 -0.3308097  -0.3203304   0.04281985 -0.9944874  -0.09571426
 -0.99900734 -0.0437966   0.00812647] 
 Force Frame: [[ 0.81132269  0.45568583  0.36620482  0.        ]
 [ 0.41533688 -0.89014068  0.18746963  0.        ]
 [ 0.41140106  0.         -0.91145446  0.        ]
 [ 0.          0.          0.          1.        ]]
 Stiffness: [9539.59, 10000, 10000, 500, 500, 500]
Step 90 ---------------------
Step 90:
Executing Action: [ 0.4695088  -0.33085498 -0.32034007  0.04383517 -0.99461097 -0.09395482
 -0.9989551  -0.04485412  0.00875992] 
 Force Frame: [[ 0.90412533  0.24863931  0.34747069  0.        ]
 [ 0.23208961 -0.96859615  0.08919597  0.        ]
 [ 0.3587364   0.         -0.93343891  0.        ]
 [ 0.          0.          0.          1.        ]]
 Stiffness: [9550.304, 10000, 10000, 500, 500, 500]
Step 91 ---------------------
Step 91:
Executing Action: [ 0.46955457 -0.33082917 -0.32033882  0.04199098 -0.9945846  -0.09506903
 -0.99903    -0.0430595   0.00921506] 
 Force Frame: [[ 0.91393685  0.34219919  0.21821827  0.        ]
 [ 0.33284304 -0.93962744  0.07947205  0.        ]
 [ 0.23223914  0.         -0.97265876  0.        ]
 [ 0.          0.          0.          1.        ]]
 Stiffness: [9551.449, 10000, 10000, 500, 500, 500]
Step 92 ---------------------
Step 92:
Executing Action: [ 0.46962768 -0.33090943 -0.32034367  0.0436188  -0.99452686 -0.0949402
 -0.9989677  -0.04462449  0.00849468] 
 Force Frame: [[ 0.9986577   0.0257809   0.04492466  0.        ]
 [ 0.02575486 -0.99966762  0.00115858  0.        ]
 [ 0.0449396   0.         -0.99898975  0.        ]
 [ 0.          0.          0.          1.        ]]
 Stiffness: [9551.593, 10000, 10000, 500, 500, 500]
Step 93 ---------------------
Step 93:
Executing Action: [ 0.46966937 -0.3309334  -0.320347    0.04354956 -0.99457794 -0.09443558
 -0.99895626 -0.04465352  0.00960757] 
 Force Frame: [[ 0.99083936 -0.06585724 -0.11789907  0.        ]
 [-0.06539592 -0.99782906  0.0077814   0.        ]
 [-0.11815558  0.         -0.9929951   0.        ]
 [ 0.          0.          0.          1.        ]]
 Stiffness: [9550.771, 10000, 10000, 500, 500, 500]
Step 94 ---------------------
Step 94:
Executing Action: [ 0.4696882  -0.3309439  -0.3202142   0.04380946 -0.99463236 -0.09374011
 -0.9989581  -0.04481287  0.00862495] 
 Force Frame: [[ 0.95798081 -0.02486861  0.28575223  0.        ]
 [-0.02383102 -0.99969073 -0.00710846  0.        ]
 [ 0.28584063  0.         -0.95827718  0.        ]
 [ 0.          0.          0.          1.        ]]
 Stiffness: [9557.881, 10000, 10000, 500, 500, 500]
Step 95 ---------------------
Step 95:
Executing Action: [ 0.4697375  -0.33091655 -0.32019818  0.04307411 -0.9946011  -0.09441021
 -0.99898374 -0.04413259  0.00915143] 
 Force Frame: [[ 0.97201496  0.13961066  0.18893335  0.        ]
 [ 0.13704582 -0.99020647  0.02663799  0.        ]
 [ 0.19080198  0.         -0.98162857  0.        ]
 [ 0.          0.          0.          1.        ]]
 Stiffness: [9555.552, 10000, 10000, 500, 500, 500]
Step 96 ---------------------
💾 Batch saved to debug_batches/batch_96.npy
Step 96:
Executing Action: [ 0.46979114 -0.33088765 -0.32029903  0.04315887 -0.9945863  -0.09452826
 -0.9989865  -0.04417229  0.00865382] 
 Force Frame: [[ 9.68179882e-01  2.50253751e-01  8.59186688e-04  0.00000000e+00]
 [ 2.50253648e-01 -9.68180283e-01  2.22081254e-04  0.00000000e+00]
 [ 8.87424278e-04  0.00000000e+00 -9.99999586e-01  0.00000000e+00]
 [ 0.00000000e+00  0.00000000e+00  0.00000000e+00  1.00000000e+00]]
 Stiffness: [9330.499, 10000, 10000, 500, 500, 500]
Step 97 ---------------------
Step 97:
Executing Action: [ 0.4698142  -0.33087447 -0.32030788  0.04358333 -0.994611   -0.0940716
 -0.9989615  -0.04463803  0.00913569] 
 Force Frame: [[ 0.74730873  0.43532588 -0.50201701  0.        ]
 [ 0.36136022 -0.90027295 -0.24274971  0.        ]
 [-0.55762756  0.         -0.83009129  0.        ]
 [ 0.          0.          0.          1.        ]]
 Stiffness: [9340.733, 10000, 10000, 500, 500, 500]
Step 98 ---------------------
Step 98:
Executing Action: [ 0.4698562  -0.33090666 -0.32025266  0.04335401 -0.9946624  -0.09363394
 -0.99897563 -0.04437628  0.00886241] 
 Force Frame: [[ 0.93444604 -0.08682681 -0.34535739  0.        ]
 [-0.08144254 -0.99622342  0.03009996  0.        ]
 [-0.3466666   0.         -0.93798842  0.        ]
 [ 0.          0.          0.          1.        ]]
 Stiffness: [9349.549, 10000, 10000, 500, 500, 500]
Step 99 ---------------------
Step 99:
Executing Action: [ 0.46990818 -0.33092487 -0.32025647  0.04363532 -0.9946733  -0.09338727
 -0.998959   -0.04468486  0.0091762 ] 
 Force Frame: [[ 0.78156149 -0.27729311 -0.55881134  0.        ]
 [-0.22556715 -0.96078537  0.16127903  0.        ]
 [-0.58161932  0.         -0.81346107  0.        ]
 [ 0.          0.          0.          1.        ]]
 Stiffness: [9348.503, 10000, 10000, 500, 500, 500]
Step 100 ---------------------
Step 100:
Executing Action: [ 0.46996507 -0.3309964  -0.32022095  0.04318643 -0.9947814  -0.09243874
 -0.99896425 -0.04432365  0.01028412] 
 Force Frame: [[ 0.6493389  -0.71642312 -0.25514107  0.        ]
 [-0.66679668 -0.69766604  0.26200066  0.        ]
 [-0.36570659  0.         -0.93073027  0.        ]
 [ 0.          0.          0.          1.        ]]
 Stiffness: [9353.461, 10000, 10000, 500, 500, 500]
Step 101 ---------------------
Step 101:
Executing Action: [ 0.46999925 -0.33091357 -0.3201552   0.04317829 -0.9946988  -0.09332777
 -0.9989777  -0.04423719  0.00930632] 
 Force Frame: [[ 0.97222775  0.08260723 -0.21897319  0.        ]
 [ 0.08058848 -0.99658218 -0.01815081  0.        ]
 [-0.21972416  0.         -0.97556205  0.        ]
 [ 0.          0.          0.          1.        ]]
 Stiffness: [9354.107, 10000, 10000, 500, 500, 500]
Step 102 ---------------------
Step 102:
Executing Action: [ 0.47005218 -0.33087257 -0.320172    0.04330685 -0.9947739  -0.09246338
 -0.99897414 -0.04434355  0.00918624] 
 Force Frame: [[ 0.723212    0.489527   -0.48716296  0.        ]
 [ 0.40600529 -0.87198814 -0.27348929  0.        ]
 [-0.55868071  0.         -0.82938284  0.        ]
 [ 0.          0.          0.          1.        ]]
 Stiffness: [9348.84, 10000, 10000, 500, 500, 500]
Step 103 ---------------------
Step 103:
Executing Action: [ 0.47009203 -0.33091423 -0.3200766   0.04288249 -0.9947248  -0.09318681
 -0.9989806  -0.04400739  0.01004934] 
 Force Frame: [[ 0.99736708  0.02024725 -0.06963426  0.        ]
 [ 0.02019808 -0.999795   -0.00141019  0.        ]
 [-0.06964854  0.         -0.99757158  0.        ]
 [ 0.          0.          0.          1.        ]]
 Stiffness: [9361.074, 10000, 10000, 500, 500, 500]
Step 104 ---------------------
💾 Batch saved to debug_batches/batch_104.npy
Step 104:
Executing Action: [ 0.47011915 -0.33083162 -0.3202549   0.04309249 -0.9947669  -0.0926384
 -0.99897844 -0.04416565  0.00956472] 
 Force Frame: [[ 0.524023    0.33206481 -0.78430412  0.        ]
 [ 0.18447748 -0.94325657 -0.27610705  0.        ]
 [-0.83148545  0.         -0.55554661  0.        ]
 [ 0.          0.          0.          1.        ]]
 Stiffness: [9704.665, 10000, 10000, 500, 500, 500]
Step 105 ---------------------
Step 105:
Executing Action: [ 0.47013134 -0.33078232 -0.3202605   0.04362734 -0.99468696 -0.09324354
 -0.99895966 -0.04467311  0.00915672] 
 Force Frame: [[ 0.3567467   0.72851085 -0.58481084  0.        ]
 [ 0.37938809 -0.68503426 -0.62192662  0.        ]
 [-0.85369575  0.         -0.52077206  0.        ]
 [ 0.          0.          0.          1.        ]]
 Stiffness: [9704.833, 10000, 10000, 500, 500, 500]
Step 106 ---------------------
Step 106:
Executing Action: [ 0.4701521  -0.3307363  -0.32021594  0.04283256 -0.9947628  -0.0928031
 -0.99898916 -0.04391167  0.00961639] 
 Force Frame: [[ 0.3905248   0.76575952 -0.51098216  0.        ]
 [ 0.46499071 -0.64312702 -0.60841706  0.        ]
 [-0.79452759  0.         -0.60722811  0.        ]
 [ 0.          0.          0.          1.        ]]
 Stiffness: [9706.8125, 10000, 10000, 500, 500, 500]
Step 107 ---------------------
Step 107:
Executing Action: [ 0.47018534 -0.33069816 -0.32019442  0.04277075 -0.9947384  -0.09309298
 -0.9989952  -0.04382916  0.00935371] 
 Force Frame: [[ 0.43846282  0.73801595 -0.512916    0.        ]
 [ 0.47955036 -0.67478326 -0.5609804   0.        ]
 [-0.76011962  0.         -0.64978319  0.        ]
 [ 0.          0.          0.          1.        ]]
 Stiffness: [9704.473, 10000, 10000, 500, 500, 500]
Step 108 ---------------------
Step 108:
Executing Action: [ 0.47020975 -0.33065715 -0.32021564  0.04281639 -0.9947463  -0.09298619
 -0.99899095 -0.04388949  0.00952533] 
 Force Frame: [[ 0.29234535  0.7917534  -0.53634021  0.        ]
 [ 0.37892917 -0.61084086 -0.69518791  0.        ]
 [-0.8780359   0.         -0.47859494  0.        ]
 [ 0.          0.          0.          1.        ]]
 Stiffness: [9702.632, 10000, 10000, 500, 500, 500]
Step 109 ---------------------
Step 109:
Executing Action: [ 0.47024783 -0.33063933 -0.32017553  0.04337066 -0.99477315 -0.09244121
 -0.9989527  -0.04453021  0.01051707] 
 Force Frame: [[ 0.39721668  0.60727908 -0.6880632   0.        ]
 [ 0.30361843 -0.79448859 -0.52593126  0.        ]
 [-0.86604542  0.         -0.49996524  0.        ]
 [ 0.          0.          0.          1.        ]]
 Stiffness: [9701.116, 10000, 10000, 500, 500, 500]
Step 110 ---------------------
Step 110:
Executing Action: [ 0.47026148 -0.33055872 -0.3201444   0.04358184 -0.9946556  -0.09359979
 -0.9989523  -0.04469488  0.00982732] 
 Force Frame: [[ 0.2693696   0.91161571 -0.31047839  0.        ]
 [ 0.59741008 -0.41104355 -0.68858148  0.        ]
 [-0.75534183  0.         -0.65533105  0.        ]
 [ 0.          0.          0.          1.        ]]
 Stiffness: [9701.986, 10000, 10000, 500, 500, 500]
Step 111 ---------------------
Step 111:
Executing Action: [ 0.4702746  -0.33052394 -0.3200761   0.04331366 -0.99475425 -0.0926716
 -0.9989598  -0.04444609  0.01019013] 
 Force Frame: [[ 0.28198236  0.9341986  -0.21853819  0.        ]
 [ 0.73840231 -0.35675339 -0.57226664  0.        ]
 [-0.61257493  0.         -0.79041256  0.        ]
 [ 0.          0.          0.          1.        ]]
 Stiffness: [9700.992, 10000, 10000, 500, 500, 500]
Step 112 ---------------------
💾 Batch saved to debug_batches/batch_112.npy
Step 112:
Executing Action: [ 0.4702859  -0.33052003 -0.32014793  0.04335745 -0.9947021  -0.09321009
 -0.99895465 -0.04451614  0.01038693] 
 Force Frame: [[ 0.94957048  0.2535627  -0.18445025  0.        ]
 [ 0.24891031 -0.96731895 -0.04834983  0.        ]
 [-0.19068193  0.         -0.98165189  0.        ]
 [ 0.          0.          0.          1.        ]]
 Stiffness: [9575.971, 10000, 10000, 500, 500, 500]
Step 113 ---------------------
Step 113:
Executing Action: [ 0.47029132 -0.33051297 -0.3201533   0.04350046 -0.9946834  -0.09334271
 -0.99894416 -0.04468746  0.01066336] 
 Force Frame: [[ 0.80135256 -0.29374262 -0.52110398  0.        ]
 [-0.24625506 -0.95588455  0.16013487  0.        ]
 [-0.54515368  0.         -0.83833614  0.        ]
 [ 0.          0.          0.          1.        ]]
 Stiffness: [9579.316, 10000, 10000, 500, 500, 500]
Step 114 ---------------------
Step 114:
Executing Action: [ 0.47028884 -0.3304356  -0.32012612  0.04361979 -0.9947606  -0.09246027
 -0.99894714 -0.04474501  0.01013097] 
 Force Frame: [[ 0.70995897  0.55808903 -0.42952866  0.        ]
 [ 0.47749981 -0.82978108 -0.28888973  0.        ]
 [-0.51764095  0.         -0.85559793  0.        ]
 [ 0.          0.          0.          1.        ]]
 Stiffness: [9576.164, 10000, 10000, 500, 500, 500]
Step 115 ---------------------
Step 115:
Executing Action: [ 0.47029382 -0.33038586 -0.32011786  0.04292627 -0.99476343 -0.09275297
 -0.998971   -0.0440968   0.01060661] 
 Force Frame: [[ 0.57996243  0.70192671 -0.41345191  0.        ]
 [ 0.57155716 -0.71224918 -0.40745984  0.        ]
 [-0.58048773  0.         -0.81426901  0.        ]
 [ 0.          0.          0.          1.        ]]
 Stiffness: [9576.165, 10000, 10000, 500, 500, 500]
^CTraceback (most recent call last):
```

```


 Force Frame: [[ 0.60171574  0.79507668  0.07610031  0.        ]
 [ 0.78879327 -0.60650892  0.09976041  0.        ]
 [ 0.12547269  0.         -0.9920971   0.        ]
 [ 0.          0.          0.          1.        ]]
 Stiffness: [9719.498, 10000, 10000, 500, 500, 500]
Step 87 ---------------------
Step 87:
Executing Action: [ 0.46914014 -0.33090222 -0.3203583   0.04416665 -0.994637   -0.0935227
 -0.9989459  -0.04514107  0.00832839] 
 Force Frame: [[ 0.63863838  0.76727164  0.058611    0.        ]
 [ 0.76406068 -0.64132225  0.07012163  0.        ]
 [ 0.09139088  0.         -0.99581509  0.        ]
 [ 0.          0.          0.          1.        ]]
 Stiffness: [9725.534, 10000, 10000, 500, 500, 500]
Step 88 ---------------------
💾 Batch saved to debug_batches/batch_88.npy
Step 88:
Executing Action: [ 0.46944848 -0.3309603  -0.32027245  0.04329433 -0.9944992  -0.09537733
 -0.9989697  -0.04439293  0.00942594] 
 Force Frame: [[ 0.76317573 -0.17319372  0.62254861  0.        ]
 [-0.13420539 -0.98488778 -0.10947594  0.        ]
 [ 0.63210106  0.         -0.77488598  0.        ]
 [ 0.          0.          0.          1.        ]]
 Stiffness: [9543.553, 10000, 10000, 500, 500, 500]
Step 89 ---------------------
Step 89:
Executing Action: [ 0.46949562 -0.3308097  -0.3203304   0.04281985 -0.9944874  -0.09571426
 -0.99900734 -0.0437966   0.00812647] 
 Force Frame: [[ 0.81132269  0.45568583  0.36620482  0.        ]
 [ 0.41533688 -0.89014068  0.18746963  0.        ]
 [ 0.41140106  0.         -0.91145446  0.        ]
 [ 0.          0.          0.          1.        ]]
 Stiffness: [9539.59, 10000, 10000, 500, 500, 500]
Step 90 ---------------------
Step 90:
Executing Action: [ 0.4695088  -0.33085498 -0.32034007  0.04383517 -0.99461097 -0.09395482
 -0.9989551  -0.04485412  0.00875992] 
 Force Frame: [[ 0.90412533  0.24863931  0.34747069  0.        ]
 [ 0.23208961 -0.96859615  0.08919597  0.        ]
 [ 0.3587364   0.         -0.93343891  0.        ]
 [ 0.          0.          0.          1.        ]]
 Stiffness: [9550.304, 10000, 10000, 500, 500, 500]
Step 91 ---------------------
Step 91:
Executing Action: [ 0.46955457 -0.33082917 -0.32033882  0.04199098 -0.9945846  -0.09506903
 -0.99903    -0.0430595   0.00921506] 
 Force Frame: [[ 0.91393685  0.34219919  0.21821827  0.        ]
 [ 0.33284304 -0.93962744  0.07947205  0.        ]
 [ 0.23223914  0.         -0.97265876  0.        ]
 [ 0.          0.          0.          1.        ]]
 Stiffness: [9551.449, 10000, 10000, 500, 500, 500]
Step 92 ---------------------
Step 92:
Executing Action: [ 0.46962768 -0.33090943 -0.32034367  0.0436188  -0.99452686 -0.0949402
 -0.9989677  -0.04462449  0.00849468] 
 Force Frame: [[ 0.9986577   0.0257809   0.04492466  0.        ]
 [ 0.02575486 -0.99966762  0.00115858  0.        ]
 [ 0.0449396   0.         -0.99898975  0.        ]
 [ 0.          0.          0.          1.        ]]
 Stiffness: [9551.593, 10000, 10000, 500, 500, 500]
Step 93 ---------------------
Step 93:
Executing Action: [ 0.46966937 -0.3309334  -0.320347    0.04354956 -0.99457794 -0.09443558
 -0.99895626 -0.04465352  0.00960757] 
 Force Frame: [[ 0.99083936 -0.06585724 -0.11789907  0.        ]
 [-0.06539592 -0.99782906  0.0077814   0.        ]
 [-0.11815558  0.         -0.9929951   0.        ]
 [ 0.          0.          0.          1.        ]]
 Stiffness: [9550.771, 10000, 10000, 500, 500, 500]
Step 94 ---------------------
Step 94:
Executing Action: [ 0.4696882  -0.3309439  -0.3202142   0.04380946 -0.99463236 -0.09374011
 -0.9989581  -0.04481287  0.00862495] 
 Force Frame: [[ 0.95798081 -0.02486861  0.28575223  0.        ]
 [-0.02383102 -0.99969073 -0.00710846  0.        ]
 [ 0.28584063  0.         -0.95827718  0.        ]
 [ 0.          0.          0.          1.        ]]
 Stiffness: [9557.881, 10000, 10000, 500, 500, 500]
Step 95 ---------------------
Step 95:
Executing Action: [ 0.4697375  -0.33091655 -0.32019818  0.04307411 -0.9946011  -0.09441021
 -0.99898374 -0.04413259  0.00915143] 
 Force Frame: [[ 0.97201496  0.13961066  0.18893335  0.        ]
 [ 0.13704582 -0.99020647  0.02663799  0.        ]
 [ 0.19080198  0.         -0.98162857  0.        ]
 [ 0.          0.          0.          1.        ]]
 Stiffness: [9555.552, 10000, 10000, 500, 500, 500]
Step 96 ---------------------
💾 Batch saved to debug_batches/batch_96.npy
Step 96:
Executing Action: [ 0.46979114 -0.33088765 -0.32029903  0.04315887 -0.9945863  -0.09452826
 -0.9989865  -0.04417229  0.00865382] 
 Force Frame: [[ 9.68179882e-01  2.50253751e-01  8.59186688e-04  0.00000000e+00]
 [ 2.50253648e-01 -9.68180283e-01  2.22081254e-04  0.00000000e+00]
 [ 8.87424278e-04  0.00000000e+00 -9.99999586e-01  0.00000000e+00]
 [ 0.00000000e+00  0.00000000e+00  0.00000000e+00  1.00000000e+00]]
 Stiffness: [9330.499, 10000, 10000, 500, 500, 500]
Step 97 ---------------------
Step 97:
Executing Action: [ 0.4698142  -0.33087447 -0.32030788  0.04358333 -0.994611   -0.0940716
 -0.9989615  -0.04463803  0.00913569] 
 Force Frame: [[ 0.74730873  0.43532588 -0.50201701  0.        ]
 [ 0.36136022 -0.90027295 -0.24274971  0.        ]
 [-0.55762756  0.         -0.83009129  0.        ]
 [ 0.          0.          0.          1.        ]]
 Stiffness: [9340.733, 10000, 10000, 500, 500, 500]
Step 98 ---------------------
Step 98:
Executing Action: [ 0.4698562  -0.33090666 -0.32025266  0.04335401 -0.9946624  -0.09363394
 -0.99897563 -0.04437628  0.00886241] 
 Force Frame: [[ 0.93444604 -0.08682681 -0.34535739  0.        ]
 [-0.08144254 -0.99622342  0.03009996  0.        ]
 [-0.3466666   0.         -0.93798842  0.        ]
 [ 0.          0.          0.          1.        ]]
 Stiffness: [9349.549, 10000, 10000, 500, 500, 500]
Step 99 ---------------------
Step 99:
Executing Action: [ 0.46990818 -0.33092487 -0.32025647  0.04363532 -0.9946733  -0.09338727
 -0.998959   -0.04468486  0.0091762 ] 
 Force Frame: [[ 0.78156149 -0.27729311 -0.55881134  0.        ]
 [-0.22556715 -0.96078537  0.16127903  0.        ]
 [-0.58161932  0.         -0.81346107  0.        ]
 [ 0.          0.          0.          1.        ]]
 Stiffness: [9348.503, 10000, 10000, 500, 500, 500]
Step 100 ---------------------
Step 100:
Executing Action: [ 0.46996507 -0.3309964  -0.32022095  0.04318643 -0.9947814  -0.09243874
 -0.99896425 -0.04432365  0.01028412] 
 Force Frame: [[ 0.6493389  -0.71642312 -0.25514107  0.        ]
 [-0.66679668 -0.69766604  0.26200066  0.        ]
 [-0.36570659  0.         -0.93073027  0.        ]
 [ 0.          0.          0.          1.        ]]
 Stiffness: [9353.461, 10000, 10000, 500, 500, 500]
Step 101 ---------------------
Step 101:
Executing Action: [ 0.46999925 -0.33091357 -0.3201552   0.04317829 -0.9946988  -0.09332777
 -0.9989777  -0.04423719  0.00930632] 
 Force Frame: [[ 0.97222775  0.08260723 -0.21897319  0.        ]
 [ 0.08058848 -0.99658218 -0.01815081  0.        ]
 [-0.21972416  0.         -0.97556205  0.        ]
 [ 0.          0.          0.          1.        ]]
 Stiffness: [9354.107, 10000, 10000, 500, 500, 500]
Step 102 ---------------------
Step 102:
Executing Action: [ 0.47005218 -0.33087257 -0.320172    0.04330685 -0.9947739  -0.09246338
 -0.99897414 -0.04434355  0.00918624] 
 Force Frame: [[ 0.723212    0.489527   -0.48716296  0.        ]
 [ 0.40600529 -0.87198814 -0.27348929  0.        ]
 [-0.55868071  0.         -0.82938284  0.        ]
 [ 0.          0.          0.          1.        ]]
 Stiffness: [9348.84, 10000, 10000, 500, 500, 500]
Step 103 ---------------------
Step 103:
Executing Action: [ 0.47009203 -0.33091423 -0.3200766   0.04288249 -0.9947248  -0.09318681
 -0.9989806  -0.04400739  0.01004934] 
 Force Frame: [[ 0.99736708  0.02024725 -0.06963426  0.        ]
 [ 0.02019808 -0.999795   -0.00141019  0.        ]
 [-0.06964854  0.         -0.99757158  0.        ]
 [ 0.          0.          0.          1.        ]]
 Stiffness: [9361.074, 10000, 10000, 500, 500, 500]
Step 104 ---------------------
💾 Batch saved to debug_batches/batch_104.npy
Step 104:
Executing Action: [ 0.47011915 -0.33083162 -0.3202549   0.04309249 -0.9947669  -0.0926384
 -0.99897844 -0.04416565  0.00956472] 
 Force Frame: [[ 0.524023    0.33206481 -0.78430412  0.        ]
 [ 0.18447748 -0.94325657 -0.27610705  0.        ]
 [-0.83148545  0.         -0.55554661  0.        ]
 [ 0.          0.          0.          1.        ]]
 Stiffness: [9704.665, 10000, 10000, 500, 500, 500]
Step 105 ---------------------
Step 105:
Executing Action: [ 0.47013134 -0.33078232 -0.3202605   0.04362734 -0.99468696 -0.09324354
 -0.99895966 -0.04467311  0.00915672] 
 Force Frame: [[ 0.3567467   0.72851085 -0.58481084  0.        ]
 [ 0.37938809 -0.68503426 -0.62192662  0.        ]
 [-0.85369575  0.         -0.52077206  0.        ]
 [ 0.          0.          0.          1.        ]]
 Stiffness: [9704.833, 10000, 10000, 500, 500, 500]
Step 106 ---------------------
Step 106:
Executing Action: [ 0.4701521  -0.3307363  -0.32021594  0.04283256 -0.9947628  -0.0928031
 -0.99898916 -0.04391167  0.00961639] 
 Force Frame: [[ 0.3905248   0.76575952 -0.51098216  0.        ]
 [ 0.46499071 -0.64312702 -0.60841706  0.        ]
 [-0.79452759  0.         -0.60722811  0.        ]
 [ 0.          0.          0.          1.        ]]
 Stiffness: [9706.8125, 10000, 10000, 500, 500, 500]
Step 107 ---------------------
Step 107:
Executing Action: [ 0.47018534 -0.33069816 -0.32019442  0.04277075 -0.9947384  -0.09309298
 -0.9989952  -0.04382916  0.00935371] 
 Force Frame: [[ 0.43846282  0.73801595 -0.512916    0.        ]
 [ 0.47955036 -0.67478326 -0.5609804   0.        ]
 [-0.76011962  0.         -0.64978319  0.        ]
 [ 0.          0.          0.          1.        ]]
 Stiffness: [9704.473, 10000, 10000, 500, 500, 500]
Step 108 ---------------------
Step 108:
Executing Action: [ 0.47020975 -0.33065715 -0.32021564  0.04281639 -0.9947463  -0.09298619
 -0.99899095 -0.04388949  0.00952533] 
 Force Frame: [[ 0.29234535  0.7917534  -0.53634021  0.        ]
 [ 0.37892917 -0.61084086 -0.69518791  0.        ]
 [-0.8780359   0.         -0.47859494  0.        ]
 [ 0.          0.          0.          1.        ]]
 Stiffness: [9702.632, 10000, 10000, 500, 500, 500]
Step 109 ---------------------
Step 109:
Executing Action: [ 0.47024783 -0.33063933 -0.32017553  0.04337066 -0.99477315 -0.09244121
 -0.9989527  -0.04453021  0.01051707] 
 Force Frame: [[ 0.39721668  0.60727908 -0.6880632   0.        ]
 [ 0.30361843 -0.79448859 -0.52593126  0.        ]
 [-0.86604542  0.         -0.49996524  0.        ]
 [ 0.          0.          0.          1.        ]]
 Stiffness: [9701.116, 10000, 10000, 500, 500, 500]
Step 110 ---------------------
Step 110:
Executing Action: [ 0.47026148 -0.33055872 -0.3201444   0.04358184 -0.9946556  -0.09359979
 -0.9989523  -0.04469488  0.00982732] 
 Force Frame: [[ 0.2693696   0.91161571 -0.31047839  0.        ]
 [ 0.59741008 -0.41104355 -0.68858148  0.        ]
 [-0.75534183  0.         -0.65533105  0.        ]
 [ 0.          0.          0.          1.        ]]
 Stiffness: [9701.986, 10000, 10000, 500, 500, 500]
Step 111 ---------------------
Step 111:
Executing Action: [ 0.4702746  -0.33052394 -0.3200761   0.04331366 -0.99475425 -0.0926716
 -0.9989598  -0.04444609  0.01019013] 
 Force Frame: [[ 0.28198236  0.9341986  -0.21853819  0.        ]
 [ 0.73840231 -0.35675339 -0.57226664  0.        ]
 [-0.61257493  0.         -0.79041256  0.        ]
 [ 0.          0.          0.          1.        ]]
 Stiffness: [9700.992, 10000, 10000, 500, 500, 500]
Step 112 ---------------------
💾 Batch saved to debug_batches/batch_112.npy
Step 112:
Executing Action: [ 0.4702859  -0.33052003 -0.32014793  0.04335745 -0.9947021  -0.09321009
 -0.99895465 -0.04451614  0.01038693] 
 Force Frame: [[ 0.94957048  0.2535627  -0.18445025  0.        ]
 [ 0.24891031 -0.96731895 -0.04834983  0.        ]
 [-0.19068193  0.         -0.98165189  0.        ]
 [ 0.          0.          0.          1.        ]]
 Stiffness: [9575.971, 10000, 10000, 500, 500, 500]
Step 113 ---------------------
Step 113:
Executing Action: [ 0.47029132 -0.33051297 -0.3201533   0.04350046 -0.9946834  -0.09334271
 -0.99894416 -0.04468746  0.01066336] 
 Force Frame: [[ 0.80135256 -0.29374262 -0.52110398  0.        ]
 [-0.24625506 -0.95588455  0.16013487  0.        ]
 [-0.54515368  0.         -0.83833614  0.        ]
 [ 0.          0.          0.          1.        ]]
 Stiffness: [9579.316, 10000, 10000, 500, 500, 500]
Step 114 ---------------------
Step 114:
Executing Action: [ 0.47028884 -0.3304356  -0.32012612  0.04361979 -0.9947606  -0.09246027
 -0.99894714 -0.04474501  0.01013097] 
 Force Frame: [[ 0.70995897  0.55808903 -0.42952866  0.        ]
 [ 0.47749981 -0.82978108 -0.28888973  0.        ]
 [-0.51764095  0.         -0.85559793  0.        ]
 [ 0.          0.          0.          1.        ]]
 Stiffness: [9576.164, 10000, 10000, 500, 500, 500]
Step 115 ---------------------
Step 115:
Executing Action: [ 0.47029382 -0.33038586 -0.32011786  0.04292627 -0.99476343 -0.09275297
 -0.998971   -0.0440968   0.01060661] 
 Force Frame: [[ 0.57996243  0.70192671 -0.41345191  0.        ]
 [ 0.57155716 -0.71224918 -0.40745984  0.        ]
 [-0.58048773  0.         -0.81426901  0.        ]
 [ 0.          0.          0.          1.        ]]
 Stiffness: [9576.165, 10000, 10000, 500, 500, 500]
^CTraceback (most recent call last):

```
